     0/299     4.36G      7.05      4.48         0      11.5         3       512   0.00475    0.0286   0.00345   0.00815      5.17      4.45         0
     1/299     5.46G      5.89      3.31         0      9.21         5       512         0         0   0.00416         0      4.29      2.25         0
     2/299     4.82G      5.67      2.47         0      8.14         3       512         1   0.00571     0.289    0.0114      3.68      1.59         0
     3/299     4.82G      4.27      1.93         0       6.2         3       512     0.519    0.0114     0.445    0.0224      3.66      1.32         0
     4/299     5.37G      4.57      1.77         0      6.34         5       512       0.3     0.783     0.521     0.434      3.44      1.17         0
     5/299     5.37G      3.83      1.44         0      5.27         3       512     0.146     0.755     0.308     0.245      3.65      1.15         0
     6/299     5.37G      3.64      1.27         0      4.91         5       512     0.281     0.851     0.446     0.423      3.06     0.866         0
     7/299     5.37G      3.18      1.09         0      4.27         2       512     0.448     0.794     0.531     0.573      3.05     0.759         0
     8/299     5.37G      2.99      1.05         0      4.03         2       512     0.505     0.829     0.658     0.627      2.83     0.771         0
     9/299     5.37G      3.13      1.01         0      4.14         3       512     0.485     0.903     0.725     0.631      2.78     0.673         0
